87.9989 145636.2
108.0055 61176.1
115.0294 13622.9
129.0455 23707.7
130.0534 135000.2
139.0301 198961
159.0364 496509.7
179.0427 562471.2
198.041 60897.9
199.0491 24073.9
220.1006 28500.3
221.0961 170139.8
221.1084 52996.1
224.057 37398.1
225.0523 88962.5
225.0648 332681.9
225.0836 22734
229.0772 59452
245.0964 39741.6
246.1038 221456.5
247.1116 619319.9
248.0868 52238.8
249.0834 226392
251.0994 34500.7
255.0808 49429.5
256.0882 238321.2
268.0944 154076.1
269.0899 98632.6
275.0873 95378
276.0943 1350579.1
277.0785 47721.7
295.0925 66530.9
296.1005 958371.4
315.0981 55059.5
316.1067 2978484.8
317.0906 88583.2
380.0687 13105456
