127.0065 83693.6
129.0037 1103338.2
141.071 191674.7
142.0117 5451.4
143.0867 28921.2
146.1521 4604.6
155.038 8380.2
157.0352 145847.9
157.0539 22546.3
158.0431 25407.9
159.0508 562938
161.0968 7457.3
165.071 11011.9
171.1182 8677.3
177.071 6756.2
179.0866 545118.4
180.0579 6861.4
180.0905 32057.6
187.0459 17112.9
187.0647 18069
193.0657 40915.4
195.0815 109311.8
197.0973 6885.6
199.1128 80919.5
216.0816 4876.5
223.0774 5100.4
252.0074 4313.3
267.1389 10852.3
270.1161 6981.5
272.1447 45091.6
276.1545 4476.9
284.13 6188
285.1499 38087.9
293.0663 37894.1
299.1552 23294.5
303.1602 1122698.8
321.1707 2132549
322.1061 25153.8
337.1289 110214
365.1357 23785.5
387.2193 4921.2
395.1444 31272.4
405.2269 11024.4
423.239 4073733.8
