82.0044 266574.6
92.0253 2211451.2
93.0331 14976.2
95.0125 553058.2
108.0206 1068780
122.0242 6017933
123.0082 38432.2
134.0609 14733.6
136.0402 13052.5
140.0352 89048.1
146.0609 12853.8
149.0483 106599.3
150.0561 173594.4
160.0766 62354.3
162.0563 31649.7
163.0638 46558.1
164.0718 156791
166.0146 503051.2
166.0874 62015.3
177.0795 12859.5
178.0873 117086.6
192.1031 48198.4
207.0539 81809
208.0616 79673.8
208.0977 60400.1
209.0477 36047.5
209.0721 19741.6
221.0361 17520.9
221.0697 54058.8
222.0776 21804.5
223.064 37711
224.0718 1009708.6
236.0929 2174019.2
237.0672 58279.9
239.0466 86192.1
242.0825 16990.5
251.0588 58971.1
253.0617 52180.2
254.07 21729.5
264.054 12739.9
265.0747 64920.9
268.0615 415995
279.0901 49027.6
281.0566 14558.5
282.0773 138512.6
283.0364 16445
283.0842 14360.8
295.0725 179952.8
296.0925 42369.9
298.0594 183275.8
299.0672 12016.4
309.0879 177632.2
312.0752 162348.8
313.0831 463234.9
327.0986 521794.3
359.125 11976630
