132.0327 1191445.6
133.0406 1018505.3
145.0406 42312.6
147.0199 242100.1
161.072 195426.5
165.071 37881.3
176.0227 146596.3
177.0305 69446
178.0661 18515.6
190.0661 90542.1
193.0771 5038.6
195.0817 15085.4
205.0618 106290.6
206.0849 50755.1
266.0976 13338
281.1084 139440.4
291.093 4607.4
292.1007 108325.3
293.1084 393508.2
295.0873 6170.9
297.1033 4372.1
305.0955 6631.3
306.1037 161726.8
307.0876 22943.1
308.096 15473.7
309.1032 2211738.2
310.1112 113661.9
311.1192 88215.5
321.1154 5397.1
322.0984 5407.2
323.1063 23362.1
324.1141 158402.2
337.1123 3589.4
339.1247 23813.8
339.1471 4745.8
352.1456 25968.7
354.101 182064.4
367.1564 40014.2
368.104 20934.9
395.1633 22235.7
396.1351 74493.6
411.122 9184.9
411.146 133912
439.1524 2888365.5
