108.0207 32355.3
118.0291 111113.7
119.0356 14574.7
132.0327 32080.3
134.0246 76771.9
147.0563 30334.3
149.0972 294879.3
158.0361 48918.8
173.0343 93216.1
173.0467 7840.7
173.1084 47908.2
175.0262 15563.1
177.0925 12847.9
181.0332 24767.7
185.034 15744.3
197.0641 6138053.5
200.0577 52312.2
201.0418 155227.7
202.0371 57327.3
203.0459 13720.1
212.0748 14861.6
246.076 61843.9
248.0574 33073.7
249.0658 61747.7
250.0736 21891.1
262.0735 12608.5
265.0608 45235.5
276.0528 20540.4
277.0604 222619.6
278.0682 245913.5
280.084 52633.2
293.0556 44028.7
294.0637 18667.6
306.1359 14593.4
308.0789 300460.8
318.1354 14081.8
322.0948 59495.1
334.131 25500
338.09 38024.3
370.0987 16714.4
396.1139 14122.3
398.0926 13341.6
413.1862 16692.9
440.1728 18764.5
458.0945 23584.5
474.1247 83926.8
506.1509 53955.1
550.1766 7760621.5
